Time;ID;x;y;z;radius;volume_total;radius_nuclear;contact_ECM;freezer;polarized_fraction;motility;cell_line;Cell_cell;phase;Cycle;NFkB
1400;0;-74.4842;9.64851;-128.211;8.78185;2836.92;5.3966;0;0;0.1;0.01;0;3.24555;0;0;-1-1;-1
1400;1;-53.3317;-70.6888;-114.489;9.9948;4182.25;6.11508;0;0;0.1;0.01;0;2.50339;0;0;-1-1;-1
1400;2;-68.3332;-15.7646;-126.236;8.6893;2748.17;5.33594;0;0;0.1;0.01;0;2.66388;0;0;-1-1;-1
1400;3;-47.9282;-0.876449;-134.162;9.10782;3164.69;5.61244;0;0;0.1;0.01;0;4.13108;0;0;-1-1;-1
1400;4;-22.3637;21.9773;-132.115;10.2085;4456.36;6.22056;0;0;0.1;0.01;0;5.78828;0;0;-1-1;-1
1400;5;-35.0099;-58.6534;-135.905;9.43544;3518.65;5.80525;0;0;0.1;0.01;0;2.59419;0;0;-1-1;-1
1400;6;-20.6511;-18.7792;-131.672;9.11907;3176.44;5.60822;0;0;0.1;0.01;0;5.22765;0;0;-1-1;-1
1400;7;-17.463;-6.27518;-141.462;9.24508;3309.94;5.68533;0;0;0.1;0.01;0;4.20026;0;0;-1-1;-1
1400;8;-26.0974;7.00477;-140.497;9.37594;3452.5;5.79845;0;0;0.1;0.01;0;3.98781;0;0;-1-1;-1
1400;9;-33.8752;49.2839;-113.34;9.49664;3587.56;5.82705;0;0;0.1;0.01;0;7.36454;0;0;-1-1;-1
1400;10;-19.4801;-67.0186;-129.766;8.35534;2443.32;5.10244;0;0;0.1;0.01;0;2.68421;0;0;-1-1;-1
1400;11;-23.6785;-60.3938;-109.244;9.58842;3692.58;5.89368;0;0;0.1;0.01;0;7.43923;0;0;-1-1;-1
1400;2221;28.4716;-48.7234;20.2317;8.56245;2629.56;5.26134;0;0;0.1;0.01;0;9.30595;0;0;-1-1;-1
1400;13;-11.627;9.02844;-142.087;8.16369;2279.02;4.95861;0;0;0.1;0.01;0;4.05381;1;0;-1-1;-1
1400;14;-4.81899;27.864;-115.5;8.18369;2295.81;4.96795;0;0;0.1;0.01;0;6.99645;1;0;-1-1;-1
1400;15;-18.2277;33.0467;-126.914;4.28406;329.349;3.29153;0;0;7.76217e-06;0.01;0;4.45061;100;0;-1-1;-1
1400;16;15.8777;-77.1752;-128.555;10.2076;4455.1;6.21951;0;0;0.1;0.01;0;2.81203;0;0;-1-1;-1
1400;17;-1.38576;-2.44431;-143.209;10.2025;4448.49;6.19812;0;0;0.1;0.01;0;4.508;0;0;-1-1;-1
1400;18;29.5908;2.26734;-135.307;9.16951;3229.44;5.64661;0;0;0.1;0.01;0;3.89648;0;0;-1-1;-1
1400;19;2.31298;13.5419;-138.184;9.4663;3553.28;5.82196;0;0;0.1;0.01;0;4.48096;0;0;-1-1;-1
1400;20;16.7637;34.8515;-131.363;9.24112;3305.7;5.69649;0;0;0.1;0.01;0;5.71137;0;0;-1-1;-1
1400;21;50.3474;30.5537;-137.758;8.32516;2416.94;5.07211;0;0;0.1;0.01;0;1.67906;0;0;-1-1;-1
1400;22;13.7455;-86.35;-114.245;9.61005;3717.63;5.91547;0;0;0.1;0.01;0;6.0719;0;0;-1-1;-1
1400;23;21.3402;-49.8846;-133.551;10.1677;4403.1;6.19881;0;0;0.1;0.01;0;3.64122;0;0;-1-1;-1
1400;24;23.0735;-33.4804;-135.144;8.75216;2808.24;5.3853;0;0;0.1;0.01;0;4.28946;0;0;-1-1;-1
1400;25;45.4457;2.64895;-134;9.08507;3141.04;5.59034;0;0;0.1;0.01;0;3.87027;0;0;-1-1;-1
1400;26;29.084;14.7283;-125.173;9.2906;3359.08;5.72455;0;0;0.1;0.01;0;4.30174;0;0;-1-1;-1
1400;27;32.3632;33.4725;-110.619;10.054;4256.98;6.14617;0;0;0.1;0.01;0;6.23155;0;0;-1-1;-1
1400;28;59.3044;-65.3449;-121.693;10.1173;4337.92;6.17805;0;0;0.1;0.01;0;3.70353;0;0;-1-1;-1
1400;29;70.3406;-53.4012;-124.622;8.52537;2595.54;5.22081;0;0;0.1;0.01;0;2.11489;0;0;-1-1;-1
1400;30;64.6831;-10.4251;-135.519;8.21109;2318.95;4.97626;0;0;0.1;0.01;0;2.69439;1;0;-1-1;-1
1400;31;67.6028;11.5824;-127.653;8.30648;2400.71;5.0585;0;0;0.1;0.01;0;2.07778;0;0;-1-1;-1
1400;32;78.4935;46.7052;-105.111;10.1855;4426.21;6.20113;0;0;0.1;0.01;0;5.00552;0;0;-1-1;-1
1400;33;-111.967;-41.4;-83.3453;9.73643;3866.23;5.95807;0;0;0.1;0.01;0;3.15929;0;0;-1-1;-1
1400;34;-88.8426;-68.7402;-85.1609;10.1174;4338.02;6.16801;0;0;0.1;0.01;0;5.25433;0;0;-1-1;-1
1400;35;-83.9241;-57.26;-113.895;9.56559;3666.26;5.87354;0;0;0.1;0.01;0;2.68541;0;0;-1-1;-1
1400;36;-95.4929;-32.2689;-104.775;8.73437;2791.16;5.38961;0;0;0.1;0.01;0;4.90966;0;0;-1-1;-1
1400;37;-82.2619;-9.63968;-102.021;8.40472;2486.9;5.15265;0;0;0.1;0.01;0;7.05785;0;0;-1-1;-1
1400;38;-82.5305;33.765;-129.991;9.21796;3280.9;5.66956;0;0;0.1;0.01;0;0.700229;0;0;-1-1;-1
1400;39;-58.8561;82.8009;-98.7263;9.76191;3896.67;5.98433;0;0;0.1;0.01;0;4.71809;0;0;-1-1;-1
1400;40;-71.9474;-83.5951;-103.413;9.31547;3386.12;5.74739;0;0;0.1;0.01;0;2.63171;0;0;-1-1;-1
1400;41;-50.4278;-57.8546;-104.568;9.68206;3801.82;5.95817;0;0;0.1;0.01;0;7.15343;0;0;-1-1;-1
1400;42;-62.2194;4.79871;-135.802;8.42362;2503.72;5.14253;0;0;0.1;0.01;0;2.71441;0;0;-1-1;-1
1400;43;-73.8976;4.75495;-113.886;8.54415;2612.73;5.22281;0;0;0.1;0.01;0;6.56485;0;0;-1-1;-1
1400;44;-67.1249;30.9242;-113.026;8.75963;2815.44;5.40589;0;0;0.1;0.01;0;6.36832;0;0;-1-1;-1
1400;45;-75.5608;53.2142;-113.426;9.82546;3973.26;5.99407;0;0;0.1;0.01;0;3.88003;0;0;-1-1;-1
1400;46;-73.8479;66.784;-98.9394;4.64632;420.161;3.32737;0;0;0.000220555;0.01;0;4.78205;100;0;-1-1;-1
1400;47;-40.3903;-84.3994;-99.4588;9.11239;3169.46;5.6162;0;0;0.1;0.01;0;5.70799;0;0;-1-1;-1
1400;48;-36.4432;-67.6287;-77.3709;8.32978;2420.97;5.07995;0;0;0.1;0.01;0;7.17336;0;0;-1-1;-1
1400;49;-37.1035;-30.6454;-109.655;9.17277;3232.89;5.65108;0;0;0.1;0.01;0;7.30142;0;0;-1-1;-1
1400;50;-52.6484;-6.60689;-120.159;8.82397;2877.93;5.41968;0;0;0.1;0.01;0;6.90996;0;0;-1-1;-1
1400;51;-53.544;26.3918;-109.554;9.38329;3460.62;5.76598;0;0;0.1;0.01;0;7.41502;0;0;-1-1;-1
1400;52;-45.2957;38.5164;-118.294;10.0818;4292.49;6.15021;0;0;0.1;0.01;0;6.64029;0;0;-1-1;-1
1400;53;-61.6509;55.474;-104.925;9.6005;3706.55;5.89674;0;0;0.1;0.01;0;6.94432;0;0;-1-1;-1
1400;54;-39.9208;96.7001;-95.0779;9.99998;4188.77;6.11392;0;0;0.1;0.01;0;5.02179;0;0;-1-1;-1
1400;55;-17.5176;-108.186;-98.2868;10.0564;4260.12;6.14268;0;0;0.1;0.01;0;4.18186;0;0;-1-1;-1
1400;56;-14.2682;-45.7336;-109.138;8.86831;2921.53;5.45035;0;0;0.1;0.01;0;7.38042;0;0;-1-1;-1
1400;57;0.670656;-41.0978;-112.783;9.30474;3374.44;5.72308;0;0;0.1;0.01;0;8.01827;0;0;-1-1;-1
1400;58;-13.5866;-21.2001;-117.953;9.41114;3491.53;5.79529;0;0;0.1;0.01;0;7.45745;0;0;-1-1;-1
1400;59;-14.1737;2.40501;-116.024;9.70342;3827.04;5.94094;0;0;0.1;0.01;0;7.82117;0;0;-1-1;-1
1400;60;-42.5778;20.5125;-101.405;9.17129;3231.32;5.64687;0;0;0.1;0.01;0;7.46075;0;0;-1-1;-1
1400;61;-21.8423;59.3601;-107.547;9.4622;3548.67;5.80919;0;0;0.1;0.01;0;8.24951;0;0;-1-1;-1
1400;62;-30.9408;62.6278;-122.173;9.94319;4117.81;6.07259;0;0;0.1;0.01;0;4.39721;0;0;-1-1;-1
1400;63;-2.5739;-97.2421;-99.1035;9.33432;3406.72;5.72945;0;0;0.1;0.01;0;6.59306;0;0;-1-1;-1
1400;64;-3.26739;-56.5312;-112.14;9.2015;3263.35;5.67563;0;0;0.1;0.01;0;7.58508;0;0;-1-1;-1
1400;65;3.77264;-31.2061;-140.548;8.24606;2348.71;5.00203;0;0;0.1;0.01;0;2.93068;0;0;-1-1;-1
1400;66;-3.65593;-9.6382;-110.499;9.87739;4036.59;6.04723;0;0;0.1;0.01;0;7.62307;0;0;-1-1;-1
1400;67;-14.8403;16.804;-83.1424;8.67967;2739.04;5.3627;0;0;0.1;0.01;0;8.48837;0;0;-1-1;-1
1400;68;3.21571;37.2926;-122.839;8.7775;2832.71;5.39139;0;0;0.1;0.01;0;7.20852;0;0;-1-1;-1
1400;69;2.05307;52.7278;-121.548;9.61262;3720.61;5.88189;0;0;0.1;0.01;0;6.0827;0;0;-1-1;-1
1400;70;-21.2924;85.4272;-102.027;5.40214;660.37;3.80834;0;0;0.000220555;0.01;0;4.05419;100;0;-1-1;-1
1400;71;8.7024;-109.56;-99.5004;9.7337;3862.98;5.96036;0;0;0.1;0.01;0;4.10595;0;0;-1-1;-1
1400;72;21.982;-72.1813;-114.037;9.21592;3278.72;5.66311;0;0;0.1;0.01;0;6.09688;0;0;-1-1;-1
1400;73;20.1645;-37.3132;-84.4353;8.19112;2302.07;4.9689;0;0;0.1;0.01;0;8.02679;1;0;-1-1;-1
1400;74;23.0957;-11.7609;-114.08;9.041;3095.56;5.55437;0;0;0.1;0.01;0;7.4552;0;0;-1-1;-1
1400;75;15.2264;5.35892;-116.285;2.29028;50.3214;2.11843;0;0;5.23174e-13;0.01;0;4.77929;100;0;-1-1;-1
1400;76;18.2436;35.8666;-105.046;9.2758;3343.05;5.71081;0;0;0.1;0.01;0;8.27702;0;0;-1-1;-1
1400;77;17.5475;52.0665;-105.556;9.18733;3248.3;5.66388;0;0;0.1;0.01;0;7.90764;0;0;-1-1;-1
1400;78;43.7664;73.4952;-118.496;10.2679;4534.57;6.25251;0;0;0.1;0.01;0;4.358;0;0;-1-1;-1
1400;79;32.2072;-76.1412;-89.7503;9.13935;3197.67;5.66933;0;0;0.1;0.01;0;7.67918;0;0;-1-1;-1
1400;80;31.1906;-60.9435;-103.459;10.0206;4214.72;6.13873;0;0;0.1;0.01;0;8.37789;0;0;-1-1;-1
1400;81;32.612;-24.5597;-125.123;8.93122;2984.15;5.48304;0;0;0.1;0.01;0;7.65388;0;0;-1-1;-1
1400;82;47.046;-2.08307;-119.091;9.70605;3830.16;5.95284;0;0;0.1;0.01;0;8.18505;0;0;-1-1;-1
1400;83;33.0258;24.3855;-90.6234;9.93737;4110.58;6.10042;0;0;0.1;0.01;0;8.27121;0;0;-1-1;-1
1400;84;29.8556;39.5004;-94.3141;10.1262;4349.33;6.17828;0;0;0.1;0.01;0;7.41046;0;0;-1-1;-1
1400;85;39.8903;62.7787;-105.049;8.86805;2921.28;5.43994;0;0;0.1;0.01;0;6.84937;0;0;-1-1;-1
1400;86;52.5603;-77.7129;-111.512;9.6189;3727.9;5.91782;0;0;0.1;0.01;0;3.68318;0;0;-1-1;-1
1400;87;55.758;-46.9408;-107.467;9.42646;3508.61;5.76842;0;0;0.1;0.01;0;7.17119;0;0;-1-1;-1
1400;88;70.3572;-28.3545;-113.334;10.1155;4335.58;6.17045;0;0;0.1;0.01;0;5.3303;0;0;-1-1;-1
1400;89;89.8874;0.508169;-117.901;8.5469;2615.26;5.23306;0;0;0.1;0.01;0;3.42441;0;0;-1-1;-1
1400;90;77.6191;32.6932;-96.0616;8.23238;2337.03;4.98765;0;0;0.1;0.01;0;6.40093;0;0;-1-1;-1
1400;91;74.9899;73.6385;-109.443;8.21524;2322.46;4.9763;0;0;0.1;0.01;0;1.33045;1;0;-1-1;-1
1400;92;71.0937;79.3732;-96.5655;8.48934;2562.78;5.19595;0;0;0.1;0.01;0;3.67503;0;0;-1-1;-1
1400;93;99.8164;-31.2842;-87.9568;10.1276;4351.22;6.17919;0;0;0.1;0.01;0;5.9301;0;0;-1-1;-1
1400;94;102.279;-9.29532;-113.898;9.24701;3312.02;5.69579;0;0;0.1;0.01;0;3.8772;0;0;-1-1;-1
1400;95;118.226;11.8131;-104.496;9.92735;4098.16;6.07223;0;0;0.1;0.01;0;3.1706;0;0;-1-1;-1
1400;96;-120.114;-31.6007;-72.8348;9.89315;4055.94;6.05457;0;0;0.1;0.01;0;4.59377;0;0;-1-1;-1
1400;97;-105.407;16.8893;-101.572;9.49726;3588.26;5.83566;0;0;0.1;0.01;0;2.29042;0;0;-1-1;-1
1400;98;-88.6147;-93.9163;-63.3032;10.2724;4540.48;6.24855;0;0;0.1;0.01;0;6.04124;0;0;-1-1;-1
1400;2432;52.9397;-82.0377;53.4674;8.21246;2320.11;4.97648;0;0;0.1;0.01;0;8.10408;1;0;-1-1;-1
1400;100;-98.7181;-38.9892;-91.0912;9.00806;3061.84;5.5347;0;0;0.1;0.01;0;5.71451;0;0;-1-1;-1
1400;101;-91.1182;-9.32766;-114.054;9.89055;4052.75;6.06302;0;0;0.1;0.01;0;4.82428;0;0;-1-1;-1
1400;102;-98.2901;40.5959;-85.0078;9.10875;3165.67;5.60087;0;0;0.1;0.01;0;4.79167;0;0;-1-1;-1
1400;103;-104.789;23.4014;-87.2585;8.89168;2944.7;5.47514;0;0;0.1;0.01;0;5.22517;0;0;-1-1;-1
1400;104;-79.3931;-108.98;-64.5688;9.95667;4134.58;6.09338;0;0;0.1;0.01;0;4.70345;0;0;-1-1;-1
1400;105;-74.011;-61.2877;-85.2468;8.94053;2993.49;5.50146;0;0;0.1;0.01;0;7.39319;0;0;-1-1;-1
1400;106;-70.2758;-31.1315;-102.239;9.08911;3145.23;5.59888;0;0;0.1;0.01;0;6.97807;0;0;-1-1;-1
1400;107;-64.8103;-21.5685;-87.2764;9.95251;4129.4;6.08231;0;0;0.1;0.01;0;7.99597;0;0;-1-1;-1
1400;108;-76.3226;-2.46163;-78.495;9.86437;4020.66;6.0348;0;0;0.1;0.01;0;8.61687;0;0;-1-1;-1
1400;3991;54.5127;7.34579;-53.108;9.08237;3138.24;5.5918;0;0;0.1;0.01;0;7.86072;0;0;-1-1;-1
1400;2708;-40.5944;94.2501;54.0816;10.0892;4301.89;6.15911;0;0;0.1;0.01;0;8.96431;0;0;-1-1;-1
1400;111;-102.46;64.2891;-79.1383;10.1593;4392.17;6.20358;0;0;0.1;0.01;0;4.51943;0;0;-1-1;-1
1400;112;-73.6005;-92.8629;-89.4485;9.95678;4134.71;6.09256;0;0;0.1;0.01;0;4.91342;0;0;-1-1;-1
1400;113;-50.1624;-91.319;-76.8448;9.71066;3835.62;5.96666;0;0;0.1;0.01;0;8.03085;0;0;-1-1;-1
1400;114;-41.2147;-27.6987;-94.1495;9.73911;3869.42;5.96575;0;0;0.1;0.01;0;7.2017;0;0;-1-1;-1
1400;115;-53.1192;-12.7129;-104.986;8.24162;2344.91;4.99632;0;0;0.1;0.01;0;6.38308;0;0;-1-1;-1
1400;116;-64.6955;23.7372;-84.404;9.39021;3468.28;5.78281;0;0;0.1;0.01;0;8.13129;0;0;-1-1;-1
1400;117;-54.793;40.8185;-78.4793;8.218;2324.81;4.98425;0;0;0.1;0.01;0;7.35018;1;0;-1-1;-1
1400;118;-54.9182;55.7047;-89.3722;9.19482;3256.25;5.67169;0;0;0.1;0.01;0;7.88122;0;0;-1-1;-1
1400;2317;-49.5086;-129.238;-33.8092;8.30594;2400.24;5.04844;0;0;0.1;0.01;0;5.34584;0;0;-1-1;-1
1400;120;-87.5912;95.6728;-67.0624;8.29673;2392.26;5.04312;0;0;0.1;0.01;0;3.08373;0;0;-1-1;-1
1400;121;-44.5614;-104.991;-85.9166;9.715;3840.76;5.97049;0;0;0.1;0.01;0;4.16725;0;0;-1-1;-1
1400;122;-8.40025;-81.3544;-98.7179;9.63355;3744.96;5.93002;0;0;0.1;0.01;0;7.11176;0;0;-1-1;-1
1400;3838;-2.43507;4.76014;-54.0389;9.18101;3241.6;5.64857;0;0;0.1;0.01;0;9.35701;0;0;-1-1;-1
1400;124;-37.5344;-34.4386;-79.7451;10.0964;4311.15;6.16985;0;0;0.1;0.01;0;7.92174;0;0;-1-1;-1
1400;125;-32.9532;1.63852;-82.8827;9.36006;3434.98;5.75125;0;0;0.1;0.01;0;8.71667;0;0;-1-1;-1
1400;126;-38.3508;17.4902;-80.0068;1.81915;25.2169;1.79713;0;0;3.78621e-21;0.01;0;7.55801;100;0;-1-1;-1
1400;127;-13.8546;38.3323;-91.3183;9.00404;3057.74;5.54379;0;0;0.1;0.01;0;8.8124;0;0;-1-1;-1
1400;128;-27.8351;64.333;-93.1224;8.89397;2946.96;5.48568;0;0;0.1;0.01;0;8.02227;0;0;-1-1;-1
1400;129;-27.6007;91.9414;-80.1051;8.47209;2547.18;5.17696;0;0;0.1;0.01;0;7.29844;0;0;-1-1;-1
1400;130;-9.31455;130.538;-65.9752;9.3332;3405.5;5.72551;0;0;0.1;0.01;0;2.99848;0;0;-1-1;-1
1400;131;3.37067;-111.252;-74.6551;8.76947;2824.94;5.39643;0;0;0.1;0.01;0;5.56394;0;0;-1-1;-1
1400;132;-13.591;-96.3657;-87.8164;9.38955;3467.55;5.78906;0;0;0.1;0.01;0;7.5208;0;0;-1-1;-1
1400;133;3.65709;-65.0799;-99.5539;9.91296;4080.36;6.078;0;0;0.1;0.01;0;6.48437;0;0;-1-1;-1
1400;134;-9.85899;-45.7782;-83.6429;9.96767;4148.3;6.09129;0;0;0.1;0.01;0;8.77833;0;0;-1-1;-1
1400;135;-16.9272;-14.3346;-66.6679;9.07443;3130.01;5.58482;0;0;0.1;0.01;0;8.74217;0;0;-1-1;-1
1400;136;-6.8932;8.53584;-75.2186;8.78515;2840.11;5.40309;0;0;0.1;0.01;0;8.69366;0;0;-1-1;-1
1400;137;1.4399;38.2172;-85.8359;8.32191;2414.11;5.06203;0;0;0.1;0.01;0;8.53786;0;0;-1-1;-1
1400;2465;-25.8886;-45.2987;121.198;8.1699;2284.22;4.96393;0;0;0.1;0.01;0;6.53115;1;0;-1-1;-1
1400;139;-2.52809;64.4437;-85.2776;8.474;2548.91;5.191;0;0;0.1;0.01;0;7.369;0;0;-1-1;-1
1400;140;-21.9145;120.762;-94.264;9.21375;3276.41;5.65559;0;0;0.1;0.01;0;1.76421;0;0;-1-1;-1
1400;2843;-30.4605;115.149;-18.2309;10.0037;4193.45;6.1212;0;0;0.1;0.01;0;7.59766;0;0;-1-1;-1
1400;142;23.6025;-108.098;-91.7192;10.082;4292.66;6.14308;0;0;0.1;0.01;0;4.37691;0;0;-1-1;-1
1400;143;17.9781;-56.9726;-98.7182;8.55642;2624.01;5.24041;0;0;0.1;0.01;0;7.15982;0;0;-1-1;-1
1400;144;6.38354;-41.3277;-78.9064;9.64619;3759.72;5.93707;0;0;0.1;0.01;0;8.82153;0;0;-1-1;-1
1400;2360;48.9372;70.1914;105.596;8.29065;2387.01;5.04822;0;0;0.1;0.01;0;6.89017;0;0;-1-1;-1
1400;146;11.2231;2.2831;-85.3625;9.32676;3398.45;5.73616;0;0;0.1;0.01;0;8.7;0;0;-1-1;-1
1400;147;22.8542;45.9615;-69.236;10.2382;4495.35;6.23072;0;0;0.1;0.01;0;8.64426;0;0;-1-1;-1
1400;148;17.3801;59.1327;-92.4019;8.27451;2373.1;5.03222;0;0;0.1;0.01;0;7.33208;0;0;-1-1;-1
1400;149;18.1857;83.2371;-118.212;8.88505;2938.11;5.4814;0;0;0.1;0.01;0;2.7279;100;0;-1-1;-1
1400;150;25.3262;124.944;-76.1366;9.60352;3710.05;5.91939;0;0;0.1;0.01;0;4.53862;0;0;-1-1;-1
1400;151;27.3256;-91.9234;-85.2077;9.94606;4121.37;6.07933;0;0;0.1;0.01;0;6.69395;0;0;-1-1;-1
1400;152;26.3015;-79.5832;-73.7541;9.44129;3525.2;5.80693;0;0;0.1;0.01;0;8.16136;0;0;-1-1;-1
1400;153;21.8594;-38.7526;-70.7914;9.47967;3568.36;5.80902;0;0;0.1;0.01;0;8.19751;0;0;-1-1;-1
1400;154;31.992;-0.49199;-71.0444;9.44452;3528.81;5.82425;0;0;0.1;0.01;0;9.35261;0;0;-1-1;-1
1400;155;36.234;-2.5098;-105.253;9.45831;3544.3;5.83499;0;0;0.1;0.01;0;8.2515;0;0;-1-1;-1
1400;156;47.0675;10.7911;-90.907;10.1017;4317.92;6.1674;0;0;0.1;0.01;0;7.46663;0;0;-1-1;-1
1400;157;37.5093;64.3716;-88.9644;10.1865;4427.55;6.21448;0;0;0.1;0.01;0;8.59116;0;0;-1-1;-1
1400;158;42.0037;107.742;-90.4674;8.44333;2521.33;5.16388;0;0;0.1;0.01;0;3.88366;0;0;-1-1;-1
1400;159;26.091;117.709;-90.4118;9.5169;3610.56;5.85255;0;0;0.1;0.01;0;4.9105;0;0;-1-1;-1
1400;160;70.5388;-86.5185;-79.272;9.16548;3225.18;5.61533;0;0;0.1;0.01;0;7.05219;0;0;-1-1;-1
1400;161;60.7898;-53.2051;-94.0008;9.12647;3184.17;5.59566;0;0;0.1;0.01;0;7.49131;0;0;-1-1;-1
1400;162;69.9915;-42.0096;-101.299;9.42367;3505.49;5.80958;0;0;0.1;0.01;0;6.51534;0;0;-1-1;-1
1400;1553;10.1792;-31.8445;-9.30442;9.84024;3991.22;6.03801;0;0;0.1;0.01;0;9.99404;0;0;-1-1;-1
1400;164;74.1285;22.099;-105.755;9.59939;3705.27;5.89223;0;0;0.1;0.01;0;5.64012;0;0;-1-1;-1
1400;165;56.1522;47.2524;-88.1977;10.0269;4222.72;6.13483;0;0;0.1;0.01;0;8.54795;0;0;-1-1;-1
1400;166;56.9247;83.8941;-93.365;9.53431;3630.41;5.87013;0;0;0.1;0.01;0;4.94921;0;0;-1-1;-1
1400;167;59.9566;98.538;-68.6579;8.82955;2883.4;5.43766;0;0;0.1;0.01;0;6.5277;0;0;-1-1;-1
1400;168;80.5953;-84.5439;-103.842;9.23394;3298;5.67279;0;0;0.1;0.01;0;1.35435;0;0;-1-1;-1
1400;169;89.5393;-35.6344;-73.9793;10.1132;4332.7;6.16865;0;0;0.1;0.01;0;8.45373;0;0;-1-1;-1
1400;170;70.2586;-45.5199;-86.2124;8.61186;2675.34;5.27666;0;0;0.1;0.01;0;7.68648;0;0;-1-1;-1
1400;171;83.688;8.45467;-77.6803;10.1114;4330.29;6.16377;0;0;0.1;0.01;0;7.57767;0;0;-1-1;-1
1400;172;79.8171;43.3424;-84.8028;9.27684;3344.17;5.72179;0;0;0.1;0.01;0;7.58801;0;0;-1-1;-1
1400;173;94.5438;62.2396;-82.5927;9.46334;3549.95;5.81617;0;0;0.1;0.01;0;4.8734;0;0;-1-1;-1
1400;174;92.3412;94.2659;-72.7153;10.2022;4448.02;6.21408;0;0;0.1;0.01;0;3.2742;0;0;-1-1;-1
1400;175;103.999;-62.536;-77.6957;9.05741;3112.44;5.59727;0;0;0.1;0.01;0;3.28425;0;0;-1-1;-1
1400;176;109.866;-2.62207;-100.547;9.54469;3642.28;5.85106;0;0;0.1;0.01;0;5.37968;0;0;-1-1;-1
1400;177;101.038;1.50305;-87.2144;8.67568;2735.27;5.32447;0;0;0.1;0.01;0;7.14297;0;0;-1-1;-1
1400;178;102.931;13.3417;-98.057;9.82163;3968.62;6.01684;0;0;0.1;0.01;0;7.06538;0;0;-1-1;-1
1400;179;115.15;26.0214;-97.4208;8.81343;2867.63;5.41601;0;0;0.1;0.01;0;2.67475;0;0;-1-1;-1
1400;180;92.171;76.9984;-75.19;9.99783;4186.07;6.11989;0;0;0.1;0.01;0;5.81704;0;0;-1-1;-1
1400;181;120.348;-37.2179;-72.1721;8.15454;2271.36;4.95332;0;0;0.1;0.01;0;3.02813;1;0;-1-1;-1
1400;182;110.965;20.8638;-83.3471;9.32237;3393.66;5.73127;0;0;0.1;0.01;0;5.98865;0;0;-1-1;-1
1400;183;-127.943;-6.63308;-65.8129;9.52791;3623.11;5.84929;0;0;0.1;0.01;0;5.30431;0;0;-1-1;-1
1400;184;-123.061;-16.033;-79.7129;10.138;4364.6;6.17733;0;0;0.1;0.01;0;4.53356;0;0;-1-1;-1
1400;185;-111.766;17.0905;-74.3188;9.70035;3823.41;5.95513;0;0;0.1;0.01;0;6.71725;0;0;-1-1;-1
1400;186;-132.908;19.7197;-54.3191;10.0464;4247.34;6.13727;0;0;0.1;0.01;0;4.16023;0;0;-1-1;-1
1400;1793;-52.3684;-86.7954;22.5711;9.27292;3339.93;5.68951;0;0;0.1;0.01;0;7.62959;0;0;-1-1;-1
1400;188;-124.406;-59.8732;-43.9903;8.14596;2264.2;4.95351;0;0;0.1;0.01;0;2.5448;1;0;-1-1;-1
1400;189;-96.778;-14.7067;-73.2215;9.12557;3183.23;5.60354;0;0;0.1;0.01;0;7.32197;0;0;-1-1;-1
1400;190;-126.565;-2.13763;-87.5793;8.28104;2378.72;5.03029;0;0;0.1;0.01;0;1.38914;0;0;-1-1;-1
1400;191;-124.722;27.6531;-68.7172;9.80072;3943.32;6.01945;0;0;0.1;0.01;0;3.78066;0;0;-1-1;-1
1400;192;-110.014;68.5271;-51.6366;10.0771;4286.44;6.13488;0;0;0.1;0.01;0;4.74395;0;0;-1-1;-1
1400;193;-104.597;80.5736;-73.4515;9.85839;4013.34;6.02853;0;0;0.1;0.01;0;2.69625;0;0;-1-1;-1
1400;194;-86.8656;-80.5251;-55.2595;8.53484;2604.2;5.23106;0;0;0.1;0.01;0;7.42067;0;0;-1-1;-1
1400;195;-101.844;-82.6606;-56.9439;9.55298;3651.79;5.88616;0;0;0.1;0.01;0;3.83253;0;0;-1-1;-1
1400;196;-99.914;-35.0279;-58.8205;9.64655;3760.15;5.93371;0;0;0.1;0.01;0;6.96033;0;0;-1-1;-1
1400;197;-84.2468;-10.2721;-66.1564;10.1315;4356.16;6.20246;0;0;0.1;0.01;0;9.56147;0;0;-1-1;-1
1400;198;-105.227;9.64754;-60.0173;8.21452;2321.85;4.98222;0;0;0.1;0.01;0;6.14755;1;0;-1-1;-1
1400;199;-77.6193;31.2546;-59.3392;10.0552;4258.57;6.14541;0;0;0.1;0.01;0;8.86352;0;0;-1-1;-1
1400;200;-90.1413;56.3292;-87.1139;9.8265;3974.52;6.02871;0;0;0.1;0.01;0;6.40271;0;0;-1-1;-1
1400;201;-87.1735;86.7716;-54.4081;9.74467;3876.06;6.0014;0;0;0.1;0.01;0;7.31747;0;0;-1-1;-1
1400;202;-70.82;-100.334;-63.6186;2.58668;72.4965;2.259;0;0;8.25423e-10;0.01;0;5.09942;100;0;-1-1;-1
1400;3221;41.7303;-81.7641;79.8979;9.67091;3788.7;5.94851;0;0;0.1;0.01;0;7.89952;0;0;-1-1;-1
1400;204;-84.8816;-59.836;-60.7371;8.7934;2848.12;5.4147;0;0;0.1;0.01;0;7.8076;0;0;-1-1;-1
1400;205;-69.8154;-44.8135;-67.4105;8.9551;3008.15;5.52088;0;0;0.1;0.01;0;7.92801;0;0;-1-1;-1
1400;206;-58.1429;-29.4013;-44.1409;9.5847;3688.28;5.90561;0;0;0.1;0.01;0;8.65084;0;0;-1-1;-1
1400;207;-67.7656;12.2143;-73.9557;9.5205;3614.67;5.85798;0;0;0.1;0.01;0;7.47376;0;0;-1-1;-1
1400;208;-61.241;25.0273;-69.5549;9.16275;3222.3;5.63135;0;0;0.1;0.01;0;7.6746;0;0;-1-1;-1
1400;209;-74.0844;54.7248;-47.3307;9.36683;3442.45;5.76404;0;0;0.1;0.01;0;8.53093;0;0;-1-1;-1
1400;210;-74.781;86.6952;-68.1744;9.76016;3894.56;5.96897;0;0;0.1;0.01;0;6.83307;0;0;-1-1;-1
1400;211;-74.6746;116.095;-41.2624;2.05664;36.4388;2.00153;0;0;1.95743e-18;0.01;0;6.56863;100;0;-1-1;-1
1400;212;-60.7774;-100.535;-83.3419;9.56191;3662.03;5.87553;0;0;0.1;0.01;0;4.47609;0;0;-1-1;-1
1400;213;-63.2462;-80.0263;-56.3414;8.64186;2703.4;5.31054;0;0;0.1;0.01;0;8.3735;0;0;-1-1;-1
1400;214;-48.295;-46.9716;-56.99;9.56646;3667.27;5.87576;0;0;0.1;0.01;0;9.0683;0;0;-1-1;-1
1400;215;-41.7101;-22.7008;-68.1992;6.45985;1129.16;4.33833;0;0;0.0025601;0.01;0;6.28458;100;0;-1-1;-1
1400;216;-52.2248;-12.0516;-66.5666;9.1746;3234.82;5.6678;0;0;0.1;0.01;0;8.40072;0;0;-1-1;-1
1400;217;-43.2073;25.1666;-77.5756;8.79619;2850.83;5.42359;0;0;0.1;0.01;0;8.4565;0;0;-1-1;-1
1400;218;-49.456;44.6352;-46.4662;9.43229;3515.12;5.80333;0;0;0.1;0.01;0;9.01218;0;0;-1-1;-1
1400;219;-34.7139;56.3396;-70.8915;9.80821;3952.38;6.00855;0;0;0.1;0.01;0;8.6783;0;0;-1-1;-1
1400;220;-26.4126;95.9498;-56.1575;9.46681;3553.85;5.81825;0;0;0.1;0.01;0;7.72839;0;0;-1-1;-1
1400;221;-32.0152;112.517;-59.3476;9.79344;3934.54;5.97816;0;0;0.1;0.01;0;6.84349;0;0;-1-1;-1
1400;222;-28.1022;-116.792;-52.4186;8.74072;2797.24;5.37585;0;0;0.1;0.01;0;5.89612;0;0;-1-1;-1
1400;223;-13.1027;-107.375;-75.9062;10.1569;4389.08;6.198;0;0;0.1;0.01;0;6.67235;0;0;-1-1;-1
1400;224;-22.9982;-91.5605;-74.1738;9.51721;3610.91;5.85589;0;0;0.1;0.01;0;8.35562;0;0;-1-1;-1
1400;225;-29.8272;-49.4577;-74.2342;9.39028;3468.36;5.75791;0;0;0.1;0.01;0;8.17734;0;0;-1-1;-1
1400;226;-21.6521;-34.7053;-57.4622;9.17708;3237.44;5.65613;0;0;0.1;0.01;0;8.95828;0;0;-1-1;-1
1400;227;-34.6436;0.682016;-65.7845;9.26537;3331.79;5.71757;0;0;0.1;0.01;0;8.43147;0;0;-1-1;-1
1400;228;-32.1983;42.1933;-61.877;10.0179;4211.37;6.14605;0;0;0.1;0.01;0;9.05792;0;0;-1-1;-1
1400;229;-14.2324;61.6667;-59.0845;8.71965;2777.07;5.36388;0;0;0.1;0.01;0;8.86922;0;0;-1-1;-1
1400;230;-21.3111;80.4698;-79.1181;8.17576;2289.15;4.96881;0;0;0.1;0.01;0;7.16175;1;0;-1-1;-1
1400;231;-11.7729;94.8703;-82.0343;9.69431;3816.27;5.93874;0;0;0.1;0.01;0;8.13053;0;0;-1-1;-1
1400;2926;94.0066;-1.0168;-102.717;9.88531;4046.31;6.07306;0;0;0.1;0.01;0;7.44571;0;0;-1-1;-1
1400;233;9.08548;-112.354;-45.1348;9.32043;3391.54;5.74254;0;0;0.1;0.01;0;8.33133;0;0;-1-1;-1
1400;234;22.3164;-116.221;-75.7788;8.95613;3009.19;5.50542;0;0;0.1;0.01;0;4.11318;0;0;-1-1;-1
1400;235;-3.13873;-65.6065;-60.5745;9.78495;3924.32;5.99778;0;0;0.1;0.01;0;9.03073;0;0;-1-1;-1
1400;236;-0.73783;-65.638;-75.7972;8.85599;2909.37;5.45691;0;0;0.1;0.01;0;7.80404;0;0;-1-1;-1
1400;237;24.2605;-27.0949;-58.6202;9.6101;3717.68;5.89928;0;0;0.1;0.01;0;8.60342;0;0;-1-1;-1
1400;238;-5.26576;-17.0789;-58.9407;8.56965;2636.2;5.26026;0;0;0.1;0.01;0;8.90432;0;0;-1-1;-1
1400;239;18.0003;-5.02618;-67.8582;8.91986;2972.78;5.49358;0;0;0.1;0.01;0;8.38604;0;0;-1-1;-1
1400;240;-8.92597;35.9957;-77.1542;9.21129;3273.78;5.65567;0;0;0.1;0.01;0;8.80527;0;0;-1-1;-1
1400;241;10.0068;55.1578;-60.707;10.1968;4440.93;6.2123;0;0;0.1;0.01;0;8.86769;0;0;-1-1;-1
1400;242;1.12912;102.167;-90.6311;8.72364;2780.87;5.35587;0;0;0.1;0.01;0;5.57336;0;0;-1-1;-1
1400;243;11.3843;122.409;-69.124;9.49345;3583.94;5.83236;0;0;0.1;0.01;0;5.96185;0;0;-1-1;-1
1400;244;42.797;-121.759;-60.2812;8.62692;2689.41;5.30915;0;0;0.1;0.01;0;4.52851;0;0;-1-1;-1
1400;245;32.5267;-106.335;-79.425;8.25666;2357.77;5.00413;0;0;0.1;0.01;0;4.63806;0;0;-1-1;-1
1400;246;35.5116;-85.4554;-61.7389;9.05959;3114.69;5.57876;0;0;0.1;0.01;0;7.73966;0;0;-1-1;-1
1400;247;19.9939;-40.0603;-56.8012;8.65326;2714.11;5.3125;0;0;0.1;0.01;0;7.88716;0;0;-1-1;-1
1400;248;40.7576;-27.3329;-71.2866;9.65382;3768.65;5.94236;0;0;0.1;0.01;0;8.17252;0;0;-1-1;-1
1400;249;34.115;27.5814;-45.9023;8.78318;2838.21;5.40075;0;0;0.1;0.01;0;9.10745;100;0;-1-1;-1
1400;250;15.912;24.058;-50.8814;9.50263;3594.34;5.8291;0;0;0.1;0.01;0;8.93461;0;0;-1-1;-1
1400;251;25.1411;61.3803;-61.3021;9.95672;4134.63;6.09941;0;0;0.1;0.01;0;9.19134;0;0;-1-1;-1
1400;252;29.8172;83.7286;-66.9757;10.1744;4411.75;6.18723;0;0;0.1;0.01;0;7.28752;0;0;-1-1;-1
1400;253;22.8843;112.003;-66.4642;8.23705;2341.01;5.00063;0;0;0.1;0.01;0;6.48647;0;0;-1-1;-1
1400;254;27.9314;123.933;-59.5339;10.2479;4508.16;6.22951;0;0;0.1;0.01;0;5.84737;0;0;-1-1;-1
1400;255;73.2219;-112.527;-73.1769;9.05589;3110.88;5.58053;0;0;0.1;0.01;0;2.78647;0;0;-1-1;-1
1400;256;35.894;-98.467;-55.1927;9.3137;3384.19;5.74162;0;0;0.1;0.01;0;8.10716;0;0;-1-1;-1
1400;257;31.3086;-58.7558;-32.4465;10.0896;4302.37;6.15797;0;0;0.1;0.01;0;8.39229;0;0;-1-1;-1
1400;258;57.2333;-33.7891;-73.0072;10.2282;4482.17;6.22123;0;0;0.1;0.01;0;8.01355;0;0;-1-1;-1
1400;259;52.2123;-0.377706;-65.225;8.63701;2698.85;5.27975;0;0;0.1;0.01;0;8.28509;0;0;-1-1;-1
1400;260;68.468;19.1851;-57.6248;9.07214;3127.65;5.56848;0;0;0.1;0.01;0;8.02055;0;0;-1-1;-1
1400;261;51.0284;39.4959;-75.2108;9.28019;3347.8;5.70414;0;0;0.1;0.01;0;8.26025;0;0;-1-1;-1
1400;262;44.175;94.1698;-66.2383;10.1106;4329.27;6.16164;0;0;0.1;0.01;0;8.27015;0;0;-1-1;-1
1400;263;53.3252;105.906;-56.5839;9.52766;3622.83;5.86733;0;0;0.1;0.01;0;8.12336;0;0;-1-1;-1
1400;264;38.0356;108.756;-60.6404;9.2414;3305.99;5.67773;0;0;0.1;0.01;0;7.62346;0;0;-1-1;-1
1400;265;79.2828;-98.8574;-78.0509;9.33855;3411.35;5.73725;0;0;0.1;0.01;0;3.55489;0;0;-1-1;-1
1400;266;64.2411;-58.4039;-79.3191;9.81371;3959.03;6.0194;0;0;0.1;0.01;0;8.47746;0;0;-1-1;-1
1400;267;69.9264;-45.7486;-71.6243;8.29478;2390.58;5.03333;0;0;0.1;0.01;0;7.23454;0;0;-1-1;-1
1400;268;70.1201;-16.0206;-62.562;10.0498;4251.63;6.13382;0;0;0.1;0.01;0;7.99653;0;0;-1-1;-1
1400;269;71.0777;5.08107;-66.5938;8.85647;2909.85;5.43444;0;0;0.1;0.01;0;7.45709;0;0;-1-1;-1
1400;270;69.2305;36.4097;-60.3176;10.2585;4522.15;6.24999;0;0;0.1;0.01;0;7.95994;0;0;-1-1;-1
1400;271;59.8004;60.3237;-51.417;9.68209;3801.86;5.9425;0;0;0.1;0.01;0;8.88718;0;0;-1-1;-1
1400;272;81.0797;86.3567;-61.9034;9.751;3883.61;5.98903;0;0;0.1;0.01;0;7.49177;0;0;-1-1;-1
1400;273;51.4076;112.7;-70.8828;10.0226;4217.28;6.11775;0;0;0.1;0.01;0;4.77238;0;0;-1-1;-1
1400;274;84.1908;-80.3568;-72.856;10.022;4216.49;6.10952;0;0;0.1;0.01;0;6.09877;0;0;-1-1;-1
1400;275;96.3652;-59.0919;-57.4431;9.18788;3248.88;5.65784;0;0;0.1;0.01;0;6.75907;0;0;-1-1;-1
1400;276;109.062;-20.7489;-53.0729;9.21176;3274.29;5.66369;0;0;0.1;0.01;0;8.26002;0;0;-1-1;-1
1400;277;65.1765;-21.5433;-77.0189;9.87956;4039.26;6.0598;0;0;0.1;0.01;0;8.77232;0;0;-1-1;-1
1400;278;87.3123;32.2882;-63.6204;10.1599;4392.94;6.18834;0;0;0.1;0.01;0;7.27993;0;0;-1-1;-1
1400;2220;70.9062;-73.1194;6.48751;8.67693;2736.45;5.33274;0;0;0.1;0.01;0;7.98308;0;0;-1-1;-1
1400;280;94.3057;46.0396;-61.0406;8.9957;3049.25;5.53807;0;0;0.1;0.01;0;8.31772;0;0;-1-1;-1
1400;281;112.204;83.271;-53.312;9.54598;3643.76;5.86474;0;0;0.1;0.01;0;3.8213;0;0;-1-1;-1
1400;282;124.488;-56.1093;-51.3544;9.3191;3390.08;5.71431;0;0;0.1;0.01;0;3.95128;0;0;-1-1;-1
1400;283;113.574;-43.8706;-54.4317;9.04073;3095.28;5.55498;0;0;0.1;0.01;0;7.22452;0;0;-1-1;-1
1400;284;102.279;-0.516639;-62.8127;8.31275;2406.15;5.06975;0;0;0.1;0.01;0;7.43268;0;0;-1-1;-1
1400;285;123.722;27.0055;-75.3358;9.37331;3449.59;5.78565;0;0;0.1;0.01;0;3.28885;0;0;-1-1;-1
1400;286;117.551;36.3;-64.2121;9.27774;3345.15;5.69458;0;0;0.1;0.01;0;6.03086;0;0;-1-1;-1
1400;287;139.258;-4.39499;-51.536;9.20866;3270.98;5.65396;0;0;0.1;0.01;0;3.90971;0;0;-1-1;-1
1400;288;-147.681;-23.9125;-16.658;9.12554;3183.21;5.61469;0;0;0.1;0.01;0;1.47378;0;0;-1-1;-1
1400;289;-136.971;-13.1195;-51.6434;10.0705;4277.99;6.14704;0;0;0.1;0.01;0;3.72838;0;0;-1-1;-1
1400;290;-118.467;-38.5639;-19.2068;9.99641;4184.28;6.1066;0;0;0.1;0.01;0;7.21171;0;0;-1-1;-1
1400;291;-112.898;-31.2749;-34.3158;9.76231;3897.14;6.00249;0;0;0.1;0.01;0;6.85306;0;0;-1-1;-1
1400;292;-124.785;-2.93054;-22.3613;10.1701;4406.15;6.21188;0;0;0.1;0.01;0;8.68229;0;0;-1-1;-1
1400;293;-125.858;21.6777;-34.411;2.68981;81.5183;2.46684;0;0;1.99575e-12;0.01;0;5.54528;100;0;-1-1;-1
1400;294;-96.1628;45.1856;-37.0676;10.1142;4333.96;6.16576;0;0;0.1;0.01;0;8.29128;0;0;-1-1;-1
1400;295;-108.637;67.7386;-21.2318;10.0101;4201.52;6.13039;0;0;0.1;0.01;0;7.36173;0;0;-1-1;-1
1400;296;-109.956;-97.7396;-29.5833;9.1663;3226.05;5.63125;0;0;0.1;0.01;0;3.6112;0;0;-1-1;-1
1400;297;-111.067;-80.8969;-22.0546;9.05444;3109.38;5.58345;0;0;0.1;0.01;0;5.98845;0;0;-1-1;-1
1400;298;-92.7053;-51.5917;-28.659;9.73474;3864.22;5.97549;0;0;0.1;0.01;0;8.37004;0;0;-1-1;-1
1400;299;-85.7061;-24.2721;-37.2645;9.4281;3510.44;5.79351;0;0;0.1;0.01;0;8.89165;0;0;-1-1;-1
1400;300;-101.283;-1.99706;-32.7387;8.79028;2845.1;5.39936;0;0;0.1;0.01;0;7.47204;0;0;-1-1;-1
1400;301;-100.587;29.8845;-36.1439;9.19192;3253.17;5.65855;0;0;0.1;0.01;0;7.60329;0;0;-1-1;-1
1400;302;-99.8044;56.2903;-10.6139;10.1826;4422.46;6.20762;0;0;0.1;0.01;0;8.79176;0;0;-1-1;-1
1400;4483;-95.6084;-61.7638;61.2162;8.41078;2492.29;5.13997;0;0;0.1;0.01;0;6.88413;0;0;-1-1;-1
1400;304;-94.2218;101.453;-53.8061;9.62228;3731.83;5.91589;0;0;0.1;0.01;0;3.6493;0;0;-1-1;-1
1400;305;-74.2448;-116.766;-29.051;9.23534;3299.49;5.68907;0;0;0.1;0.01;0;5.98953;0;0;-1-1;-1
1400;306;-72.1069;-91.9036;-37.3423;9.5568;3656.17;5.877;0;0;0.1;0.01;0;8.77293;0;0;-1-1;-1
1400;307;-94.3436;-50.3573;-54.5423;9.69571;3817.93;5.9635;0;0;0.1;0.01;0;7.69347;0;0;-1-1;-1
1400;308;-60.7694;-54.8521;-50.02;9.96809;4148.82;6.10551;0;0;0.1;0.01;0;7.67186;0;0;-1-1;-1
1400;309;-68.6179;10.4429;-27.4608;9.99957;4188.26;6.11363;0;0;0.1;0.01;0;8.52215;0;0;-1-1;-1
1400;310;-71.9494;23.1528;-45.61;9.18524;3246.09;5.66675;0;0;0.1;0.01;0;8.67987;0;0;-1-1;-1
1400;311;-70.7316;47.2213;-11.1856;9.44832;3533.07;5.81847;0;0;0.1;0.01;0;9.14417;0;0;-1-1;-1
1400;312;-77.7107;69.266;-45.4791;9.84713;3999.61;6.03212;0;0;0.1;0.01;0;7.99317;0;0;-1-1;-1
1400;313;-84.5854;97.606;-41.7864;9.13681;3195.01;5.62722;0;0;0.1;0.01;0;6.41655;0;0;-1-1;-1
1400;314;-62.7895;130.537;-39.0028;8.99539;3048.94;5.53703;0;0;0.1;0.01;0;3.69836;0;0;-1-1;-1
1400;315;-70.1393;-107.582;-40.5343;8.4878;2561.38;5.20924;0;0;0.1;0.01;0;6.76736;0;0;-1-1;-1
1400;316;-59.683;-98.7669;-15.2089;9.19604;3257.55;5.64836;0;0;0.1;0.01;0;7.96331;0;0;-1-1;-1
1400;4761;-40.9857;13.7747;-21.5836;8.2015;2310.83;4.96833;0;0;0.1;0.01;0;7.63737;1;0;-1-1;-1
1400;3186;7.63142;42.1008;118.516;3.0295;116.467;2.61574;0;0;1.61216e-09;0.01;0;6.41463;100;0;-1-1;-1
1400;319;-44.4078;-4.79966;-56.3966;9.1337;3191.75;5.63811;0;0;0.1;0.01;0;9.25071;0;0;-1-1;-1
1400;320;-63.4114;-4.76187;-23.8359;9.10717;3164.01;5.59381;0;0;0.1;0.01;0;9.18231;0;0;-1-1;-1
1400;321;-50.5688;17.5068;-45.2652;9.73107;3859.85;5.97709;0;0;0.1;0.01;0;9.79791;0;0;-1-1;-1
1400;322;-46.4617;65.8913;-33.8647;8.82423;2878.18;5.43848;0;0;0.1;0.01;0;8.60663;0;0;-1-1;-1
1400;323;-60.7409;90.5771;-43.7202;9.4663;3553.28;5.82236;0;0;0.1;0.01;0;7.66596;0;0;-1-1;-1
1400;324;-69.6925;102.847;-42.3102;8.91483;2967.76;5.48525;0;0;0.1;0.01;0;6.54134;0;0;-1-1;-1
1400;325;-40.337;120.682;-47.1703;8.21699;2323.95;4.98393;0;0;0.1;0.01;0;5.87259;1;0;-1-1;-1
1400;326;-23.2558;-135.888;-22.7444;8.24359;2346.59;4.99564;0;0;0.1;0.01;0;5.03878;0;0;-1-1;-1
1400;327;-51.8827;-112.168;-52.6665;8.14128;2260.3;4.95;0;0;0.1;0.01;0;6.35108;1;0;-1-1;-1
1400;328;-35.9295;-85.099;-48.5122;9.87394;4032.36;6.04136;0;0;0.1;0.01;0;8.01231;0;0;-1-1;-1
1400;329;-25.9555;-76.7976;-65.603;9.06882;3124.21;5.56541;0;0;0.1;0.01;0;7.5496;0;0;-1-1;-1
1400;330;-45.7027;-56.2585;-42.3051;10.1922;4435;6.21088;0;0;0.1;0.01;0;9.28396;0;0;-1-1;-1
1400;331;-40.1825;-16.4757;-29.0416;8.38694;2471.15;5.12677;0;0;0.1;0.01;0;8.76218;0;0;-1-1;-1
1400;332;-47.0167;31.1233;-41.5756;8.95043;3003.45;5.4896;0;0;0.1;0.01;0;9.42461;0;0;-1-1;-1
1400;333;-27.4632;55.7912;-37.914;9.14136;3199.79;5.62082;0;0;0.1;0.01;0;8.63112;0;0;-1-1;-1
1400;334;-36.7042;82.592;-56.5259;9.84614;3998.4;6.04645;0;0;0.1;0.01;0;7.78041;0;0;-1-1;-1
1400;335;-48.524;94.9805;-53.5338;9.86767;4024.69;6.04924;0;0;0.1;0.01;0;8.1399;0;0;-1-1;-1
1400;336;-54.913;124.157;-51.3667;9.62713;3737.49;5.91697;0;0;0.1;0.01;0;4.76293;0;0;-1-1;-1
1400;337;-13.9907;-116.223;-33.6482;9.63251;3743.76;5.90731;0;0;0.1;0.01;0;7.98347;0;0;-1-1;-1
1400;338;12.156;-81.4904;-60.3286;9.60859;3715.93;5.92277;0;0;0.1;0.01;0;7.85941;0;0;-1-1;-1
1400;339;-10.4182;-50.8206;-34.1455;9.49798;3589.07;5.85751;0;0;0.1;0.01;0;9.37715;0;0;-1-1;-1
1400;340;-9.0818;-38.363;-41.5149;9.20968;3272.07;5.65567;0;0;0.1;0.01;0;8.41217;0;0;-1-1;-1
1400;341;-5.81032;-25.831;-33.1338;9.64276;3755.72;5.92882;0;0;0.1;0.01;0;10.0775;0;0;-1-1;-1
1400;342;-3.75799;-7.44438;-35.7534;9.18272;3243.42;5.64537;0;0;0.1;0.01;0;9.55594;0;0;-1-1;-1
1400;343;9.41186;41.5295;-17.1518;9.74792;3879.94;5.97986;0;0;0.1;0.01;0;9.55355;0;0;-1-1;-1
1400;344;-13.4415;43.2069;-38.8991;9.73894;3869.22;5.98648;0;0;0.1;0.01;0;9.19069;0;0;-1-1;-1
1400;345;-3.0589;86.7445;-47.145;8.93247;2985.41;5.49369;0;0;0.1;0.01;0;8.64209;0;0;-1-1;-1
1400;346;-26.549;116.641;-44.7062;9.03512;3089.52;5.58661;0;0;0.1;0.01;0;8.09906;0;0;-1-1;-1
1400;347;8.91623;142.09;-42.1603;9.13768;3195.93;5.60462;0;0;0.1;0.01;0;4.71602;0;0;-1-1;-1
1400;348;18.2778;-149.348;-48.6309;8.49504;2567.94;5.20792;0;0;0.1;0.01;0;1.44989;0;0;-1-1;-1
1400;3475;56.96;-66.8423;91.7738;9.46327;3549.87;5.82993;0;0;0.1;0.01;0;7.07062;0;0;-1-1;-1
1400;350;34.6974;-88.0201;-30.8089;9.53514;3631.37;5.85752;0;0;0.1;0.01;0;8.44817;0;0;-1-1;-1
1400;351;0.389197;-63.2135;-41.3133;9.72681;3854.78;5.98638;0;0;0.1;0.01;0;9.23767;0;0;-1-1;-1
1400;352;19.3229;-31.7958;-44.473;9.31318;3383.63;5.72124;0;0;0.1;0.01;0;9.70637;0;0;-1-1;-1
1400;353;20.1084;4.85384;-32.0336;10.2962;4572.18;6.25413;0;0;0.1;0.01;0;10.5278;0;0;-1-1;-1
1400;354;17.2576;10.3179;-46.7403;9.52339;3617.96;5.86192;0;0;0.1;0.01;0;9.79537;0;0;-1-1;-1
1400;355;34.8506;43.1118;-41.3026;10.2137;4463.07;6.21589;0;0;0.1;0.01;0;10.3904;0;0;-1-1;-1
1400;356;14.7035;67.9921;-52.1427;8.23375;2338.2;4.99528;0;0;0.1;0.01;0;8.0488;1;0;-1-1;-1
1400;357;19.0672;93.141;-31.3172;10.1985;4443.25;6.20331;0;0;0.1;0.01;0;8.73476;0;0;-1-1;-1
1400;358;3.54147;111.848;-34.7985;9.40695;3486.86;5.77518;0;0;0.1;0.01;0;6.90011;0;0;-1-1;-1
1400;359;22.6051;138.278;-51.3091;10.1874;4428.69;6.21081;0;0;0.1;0.01;0;3.91314;0;0;-1-1;-1
1400;360;44.3666;-110.043;-33.4089;9.15599;3215.18;5.63611;0;0;0.1;0.01;0;6.32513;0;0;-1-1;-1
1400;361;25.4191;-88.6736;-12.8035;9.4372;3520.62;5.7958;0;0;0.1;0.01;0;9.34363;0;0;-1-1;-1
1400;362;50.6145;-77.8691;-42.444;10.2466;4506.34;6.24447;0;0;0.1;0.01;0;8.81;0;0;-1-1;-1
1400;363;26.047;-62.3783;-17.1726;9.78659;3926.29;6.01116;0;0;0.1;0.01;0;9.15392;0;0;-1-1;-1
1400;364;54.8479;-47.1188;-38.3098;10.204;4450.4;6.21637;0;0;0.1;0.01;0;8.06303;0;0;-1-1;-1
1400;365;50.2648;-12.8399;-36.4379;9.3316;3403.74;5.74845;0;0;0.1;0.01;0;8.56788;0;0;-1-1;-1
1400;366;43.2771;15.3075;-43.4769;9.89211;4054.67;6.05265;0;0;0.1;0.01;0;9.95499;0;0;-1-1;-1
1400;367;46.8944;67.2507;-45.233;9.73666;3866.51;5.98373;0;0;0.1;0.01;0;8.99842;0;0;-1-1;-1
1400;368;31.3648;87.635;-41.5306;9.99247;4179.34;6.10872;0;0;0.1;0.01;0;8.32655;0;0;-1-1;-1
1400;369;36.6772;111.957;-22.8833;9.6486;3762.54;5.92561;0;0;0.1;0.01;0;7.87403;0;0;-1-1;-1
1400;370;46.2391;136.799;-23.1203;9.74321;3874.31;5.96456;0;0;0.1;0.01;0;3.08281;0;0;-1-1;-1
1400;371;56.0847;-117.641;-53.2175;9.52827;3623.52;5.84881;0;0;0.1;0.01;0;5.76521;0;0;-1-1;-1
1400;372;61.2907;-87.4807;-36.6142;9.08284;3138.73;5.60166;0;0;0.1;0.01;0;7.51551;0;0;-1-1;-1
1400;373;68.0184;-74.4989;-43.454;10.1145;4334.33;6.17422;0;0;0.1;0.01;0;8.58816;0;0;-1-1;-1
1400;2159;-27.6235;57.0121;-56.3101;8.88785;2940.89;5.49421;0;0;0.1;0.01;0;8.44974;0;0;-1-1;-1
1400;375;74.2587;-7.46142;-44.2494;9.73816;3868.29;5.97512;0;0;0.1;0.01;0;8.90364;0;0;-1-1;-1
1400;376;59.5577;-1.08096;-42.0124;9.23793;3302.28;5.68411;0;0;0.1;0.01;0;8.99098;0;0;-1-1;-1
1400;377;73.6845;29.4047;-27.8308;10.0656;4271.75;6.14615;0;0;0.1;0.01;0;9.04833;0;0;-1-1;-1
1400;378;70.3369;83.1527;-48.6321;10.0155;4208.35;6.13258;0;0;0.1;0.01;0;7.93984;0;0;-1-1;-1
1400;379;56.7394;107.763;-42.5898;8.43483;2513.73;5.1458;0;0;0.1;0.01;0;6.78037;0;0;-1-1;-1
1400;380;58.3861;120.254;-49.7744;8.91387;2966.79;5.4862;0;0;0.1;0.01;0;4.32463;0;0;-1-1;-1
1400;381;99.1496;-99.9911;-40.8465;8.19945;2309.1;4.97462;0;0;0.1;0.01;0;2.00291;1;0;-1-1;-1
1400;4115;11.3101;1.10714;-56.2117;8.91842;2971.34;5.4888;0;0;0.1;0.01;0;9.30064;0;0;-1-1;-1
1400;383;88.2396;-56.4141;-39.1125;8.99767;3051.26;5.55371;0;0;0.1;0.01;0;7.77941;0;0;-1-1;-1
1400;384;72.9419;-19.5937;-35.1121;9.4896;3579.58;5.85912;0;0;0.1;0.01;0;8.13156;0;0;-1-1;-1
1400;385;88.4123;-14.1628;-40.2449;10.155;4386.56;6.1931;0;0;0.1;0.01;0;9.64723;0;0;-1-1;-1
1400;386;72.7035;53.8156;-44.3435;9.41536;3496.23;5.81402;0;0;0.1;0.01;0;8.5938;0;0;-1-1;-1
1400;387;101.77;58.8257;-38.2874;9.60273;3709.14;5.8993;0;0;0.1;0.01;0;7.471;0;0;-1-1;-1
1400;388;86.7098;79.4917;-48.2253;9.24447;3309.29;5.69337;0;0;0.1;0.01;0;7.81992;0;0;-1-1;-1
1400;389;82.6791;108.237;-55.7272;9.82418;3971.71;6.03226;0;0;0.1;0.01;0;3.98376;0;0;-1-1;-1
1400;390;94.4631;-84.0724;-42.3298;9.58983;3694.2;5.88793;0;0;0.1;0.01;0;6.29684;0;0;-1-1;-1
1400;391;134.937;-60.8691;-12.4444;9.16676;3226.54;5.64006;0;0;0.1;0.01;0;4.29751;0;0;-1-1;-1
1400;3990;70.5512;-113.087;-58.0257;9.05857;3113.63;5.58952;0;0;0.1;0.01;0;4.34963;0;0;-1-1;-1
1400;1774;8.74583;107.426;-66.1494;9.48964;3579.62;5.84504;0;0;0.1;0.01;0;7.38912;0;0;-1-1;-1
1400;394;107.052;2.87238;-47.7062;9.51799;3611.81;5.855;0;0;0.1;0.01;0;8.22576;0;0;-1-1;-1
1400;395;118.705;31.991;-47.4505;10.0697;4277.01;6.15405;0;0;0.1;0.01;0;7.19994;0;0;-1-1;-1
1400;396;101.741;58.6503;-54.8696;10.1663;4401.22;6.19488;0;0;0.1;0.01;0;8.08959;0;0;-1-1;-1
1400;397;101.89;83.4996;-20.4752;10.1791;4417.97;6.20811;0;0;0.1;0.01;0;6.58238;0;0;-1-1;-1
1400;398;119.902;-82.5939;-42.5163;10.1103;4328.91;6.16158;0;0;0.1;0.01;0;1.33294;0;0;-1-1;-1
1400;399;127.085;-51.1863;-33.8446;8.5187;2589.45;5.22295;0;0;0.1;0.01;0;5.37498;0;0;-1-1;-1
1400;400;139.265;-22.9532;-27.318;9.32873;3400.61;5.72494;0;0;0.1;0.01;0;4.44367;0;0;-1-1;-1
1400;401;133.538;7.04666;-38.6365;9.60582;3712.72;5.8866;0;0;0.1;0.01;0;6.02906;0;0;-1-1;-1
1400;402;133.249;10.07;-55.7742;10.0669;4273.42;6.1506;0;0;0.1;0.01;0;4.8207;0;0;-1-1;-1
1400;403;136.603;34.8986;-34.5559;8.58018;2645.93;5.25371;0;0;0.1;0.01;0;2.86377;0;0;-1-1;-1
1400;404;127.68;75.1463;-34.2691;8.37956;2464.63;5.11553;0;0;0.1;0.01;0;4.14232;0;0;-1-1;-1
1400;1525;34.7568;74.1957;-20.6256;9.87328;4031.56;6.04308;0;0;0.1;0.01;0;9.76557;0;0;-1-1;-1
1400;406;-138.764;-57.6084;-13.2928;9.20319;3265.16;5.69203;0;0;0.1;0.01;0;2.84462;0;0;-1-1;-1
1400;407;-138.386;-51.7824;-27.3732;8.35439;2442.49;5.08557;0;0;0.1;0.01;0;2.52855;0;0;-1-1;-1
1400;2789;107.823;51.3946;-68.822;10.0308;4227.62;6.13475;0;0;0.1;0.01;0;6.17473;0;0;-1-1;-1
1400;409;-131.613;-3.88546;-6.86864;10.2326;4487.96;6.2291;0;0;0.1;0.01;0;6.09856;0;0;-1-1;-1
1400;410;-129.83;34.2466;12.5352;8.86352;2916.8;5.4491;0;0;0.1;0.01;0;6.40313;0;0;-1-1;-1
1400;411;-135.062;57.066;-18.2849;9.63102;3742.02;5.90052;0;0;0.1;0.01;0;3.34005;0;0;-1-1;-1
1400;2701;-48.9494;-32.1859;-58.1367;10.1178;4338.57;6.17366;0;0;0.1;0.01;0;9.30706;0;0;-1-1;-1
1400;413;-119.035;-66.5837;-19.6087;9.8481;4000.79;6.02477;0;0;0.1;0.01;0;5.48589;0;0;-1-1;-1
1400;414;-109.174;-21.6761;-11.2721;9.67547;3794.06;5.9603;0;0;0.1;0.01;0;7.89989;0;0;-1-1;-1
1400;415;-123.784;-17.6898;-14.7041;9.50768;3600.08;5.85091;0;0;0.1;0.01;0;6.42978;0;0;-1-1;-1
1400;416;-110.55;4.28379;-22.2936;9.08492;3140.88;5.59812;0;0;0.1;0.01;0;8.63743;0;0;-1-1;-1
1400;2818;1.8794;-21.4894;-99.1966;10.0275;4223.4;6.12319;0;0;0.1;0.01;0;8.47986;0;0;-1-1;-1
1400;2467;-66.5108;-52.529;68.8966;5.98287;897.051;4.14057;0;0;0.0008407;0.01;0;4.82712;100;0;-1-1;-1
1400;3328;78.1351;47.6615;-24.5974;9.57674;3679.11;5.89144;0;0;0.1;0.01;0;8.85497;0;0;-1-1;-1
1400;420;-84.2655;-121.01;1.45171;9.25304;3318.5;5.71714;0;0;0.1;0.01;0;3.84981;0;0;-1-1;-1
1400;421;-83.6619;-91.2187;-23.9278;9.72175;3848.77;5.95591;0;0;0.1;0.01;0;8.4283;0;0;-1-1;-1
1400;422;-93.0329;-62.5207;-18.9475;8.90313;2956.09;5.49109;0;0;0.1;0.01;0;8.26031;0;0;-1-1;-1
1400;423;-75.3636;-31.8156;-30.9614;8.48579;2559.56;5.19481;0;0;0.1;0.01;0;8.01072;0;0;-1-1;-1
1400;424;-78.2553;-10.4728;-17.0792;9.25079;3316.08;5.69729;0;0;0.1;0.01;0;8.00733;0;0;-1-1;-1
1400;425;-71.6636;24.3749;4.57624;10.1427;4370.62;6.19037;0;0;0.1;0.01;0;8.92537;0;0;-1-1;-1
1400;426;-104.053;51.6638;-25.0884;8.75312;2809.16;5.38581;0;0;0.1;0.01;0;8.00447;0;0;-1-1;-1
1400;427;-77.7112;60.5981;-25.2343;9.60233;3708.67;5.89601;0;0;0.1;0.01;0;7.95061;0;0;-1-1;-1
1400;428;-93.3805;104.48;-20.573;9.81738;3963.47;6.02736;0;0;0.1;0.01;0;2.8114;0;0;-1-1;-1
1400;429;-82.181;-122.128;-14.8116;10.1656;4400.32;6.21127;0;0;0.1;0.01;0;4.65526;0;0;-1-1;-1
1400;430;-69.9046;-110.466;-13.0843;10.0296;4226.07;6.11092;0;0;0.1;0.01;0;7.45812;0;0;-1-1;-1
1400;431;-68.9038;-56.2815;-36.3144;9.00961;3063.42;5.56148;0;0;0.1;0.01;0;8.07666;0;0;-1-1;-1
1400;432;-66.4048;-32.8431;-9.33581;9.96846;4149.28;6.1014;0;0;0.1;0.01;0;8.8038;0;0;-1-1;-1
1400;433;-54.7104;-19.0184;-20.4635;1.97198;32.1218;1.91453;0;0;4.45067e-17;0.01;0;8.1222;100;0;-1-1;-1
1400;434;-63.6826;-17.4421;-16.3828;9.61543;3723.87;5.89145;0;0;0.1;0.01;0;10.0143;0;0;-1-1;-1
1400;435;-85.1477;21.9599;-13.7022;10.121;4342.73;6.16113;0;0;0.1;0.01;0;8.37153;0;0;-1-1;-1
1400;436;-54.892;45.7397;-16.8328;9.6122;3720.12;5.91742;0;0;0.1;0.01;0;9.27262;0;0;-1-1;-1
1400;437;-60.9916;90.3186;-11.1705;8.76141;2817.15;5.38323;0;0;0.1;0.01;0;8.03712;0;0;-1-1;-1
